     356.48(4)
   369.209(17)
     619.43(4)
   631.173(23)
     692.16(4)
    775.399(5)
     863.30(4)
  1084.948(21)
  1101.380(18)
  1144.599(17)
  1161.097(18)
  1210.273(20)
    1250.59(4)
  1404.969(19)
  1454.145(14)
    1566.74(4)
   1572.333(6)
    1760.56(6)
  1841.423(10)
    1964.65(4)
    1991.24(4)
   2022.954(9)
  2082.669(14)
  2229.509(13)
   2347.695(7)
    2508.40(6)
  2555.476(13)
  2615.190(15)
  2616.779(14)
  2716.877(17)
  2796.716(18)
    2905.10(6)
    2938.51(4)
    2971.64(4)
    3139.68(4)
  3183.979(18)
  3330.814(14)
  3390.527(15)
  3557.881(20)
  3801.735(14)
    4105.3(13)
  4188.985(14)
  4268.821(22)
  4637.981(14)
  4902.987(14)
  4962.697(15)
    5752.0(13)
    6018.2(10)
  6077.904(20)
    6293.31(4)
   6354.24(19)
    6419.3(18)
    6628.75(8)
    6760.3(19)
  6985.343(15)
